40304
40304
40307.2
40307
40303
40306
40304.8
40303.8
40305
40303
40303.6
40306
40303
40303.8
40305.4
40306
40305.6
40304.2
40307.6
40307
40304.2
40304
40303.8
40305.6
40302
40303
40304.6
40304.4
40302.4
40304.2
40304.4
40306
40304
40303.6
40306.4
40304.8
40303.6
40303
40304
40304.4
40302
40305
40303.6
40305.8
40306.8
40305
40303.8
40306
40307
40306.2
40307
40304.2
40306
40304.6
40302
40304.6
40304.4
40305
40303
40304.8
40305.8
40306.8
40304.6
40303
40304.4
40303.6
40302.8
40302
40306.2
40305.6
40305.2
40302.2
40305
40302.2
40302.4
40303.2
40303.4
40304.8
40304
40301.6
40301.6
40301
40304
40301.2
40300.6
40304
40304.2
40303
40300
40300
40303
40302
40303
40303
40299.6
40299.6
40302.6
40302.4
40300
40301
40300.2
40299.4
40301.8
40302
40298
40299.6
40301.4
40300.6
40300
40300.4
40299.2
40301.4
40299.6
40296.8
40297.2
40299.6
40299.4
40299.4
40295
40295
40299.2
40297.2
40295.2
40296
40296.6
40298.8
40299.8
40297.2
40297
40300
40300.8
40297.6
40300
40300
40298.8
40300.2
40297
40296.4
40297.6
40296.2
40296.4
40297
40294.8
40294.6
40298.8
40297
40296
40296.2
40298.6
40298.4
40295.8
40294
40294
40295.4
40296.4
40293.4
40293
40295.4
40297
40297
40298.2
40296.6
40295.2
40295.6
40297.4
40298.4
40297.4
40295
40295.2
40296.2
40297.2
40296.2
40297
40297.6
40294.6
40295.6
40297.2
40298.4
40297.6
40296.2
40296
40296.4
40297
40298
40297
40296
40294.8
40294.8
40296.2
40295
40294
40296
40295.2
40295.4
40297.6
40296
40299.4
40300.4
40297.2
40298.8
40297
40299
40300.4
40298.4
40297.2
40298
40298.4
40296.8
40298
40299.8
40300.4
40299.8
40300.8
40297.4
40298
40298.4
40299.2
40299.8
40300.8
40304.4
40304.4
40304.8
40308.6
40308
40308.4
40307
40305.8
40307
40305.2
40308
40306
40307
40308.4
40307.8
40306.8
40307
40308.6
40307
40308
40307
40304.4
40304
40303.8
40302
40304.2
40305
40305.4
40305
40304
40304.4
40305
40305.8
40306.6
40307
40305.6
40302
40298.8
40296.4
40294
40290.6
40289.6
40290
40291.8
40291
40293
40293.4
40292.6
40294.2
40293
40293
40296.2
40295
40294.8
40293
40294
40296.6
40298.8
40298.4
40300
40299
40300.6
40298.8
40295.2
40294.4
40290.8
40287
40284.2
40281.2
40281.4
40281.8
40285
40288.4
40290.6
40291.4
40291.6
40295.4
40294
40296.6
40296.6
40296.6
40296
40297
40295
40297.2
40299.8
40301.2
40302
40303
40303.8
40306.2
40304.8
40305.8
40304.8
40306.2
40307
40308
40308
40310.2
40309.2
40309.2
40312
40313.2
40313
40313.6
40311.4
40311.8
40308
40306
40306
40304.8
40303
40303.4
40301.2
40303.4
40300.4
40303
40301.8
40301.8
40301
40298
40300.4
40297.4
40299.2
40299
40300
40300.8
40300.8
40300
40300
40298.8
40298.6
40300
40301.8
40303.8
40308
40310.8
40313.4
40314.4
40314.4
40313
40312
40311.8
40313.4
40313.6
40314
40317.6
40318.2
40319.6
40318.8
40319.2
40318.8
40317.2
40317
40319.6
40321.2
40321
40321.8
40321.2
40320.4
40319.2
40319.6
40321.6
40322
40321.4
40319
40316.6
40315
40314.8
40310.4
40310
40305.8
40305
40307
40306
40305
40306.2
40306.4
40306
40305.2
40307
40304.6
40304.8
40304.4
40302.4
40303
40299.6
40300
40299
40299.4
40300
40302.4
40304.2
40303.8
40304
40305.4
40304.4
40306.4
40304.8
40302.8
40300.2
40299.6
40299.4
40299.4
40299
40298.6
40297.6
40297
40296.8
40299.2
40298.6
40299.2
40302.2
40301.2
40302.6
40304.4
40303.2
40304.8
40303.8
40302
40300
40299.6
40300
40302
40303.6
40303.4
40305.6
40306
40304.4
40304
40303.8
40303.6
40304
40304.2
40304.8
40304.2
40301.4
40303.2
40302
40302.2
40301.6
40300.8
40300.6
40301
40301.2
40300.6
40300.6
40301.4
40304
40303.4
40304.2
40306.2
40303.6
40307
40307.4
40307
40307
40306
40308.4
40306.8
40309.4
40306.8
40306.6
40307.2
40304
40306.8
40305.2
40306.4
40305
40302.8
40305.2
40305.8
40303.4
40306
40302.8
40305
40306
40306.2
40303.8
40306
40305.6
40305
40304.8
40304.8
40307
40304.8
40305.8
40306.8
40308
40308
40308.4
40308.6
40308.8
40308.2
40305
40308.6
40309
40306
40306.2
40306
40309
40307.6
40307.4
40306.8
40306
40306
40307.4
40307.2
40308
40307
40308.6
40308.6
40309.2
40309.2
40309.8
40309
40310.6
40311.2
40310.8
40311
40310.4
40309
40310.4
40310
40310.2
40308.8
40308.8
40308.8
40310.4
40310
40309.8
40309.6
40309
40309
40308.4
40307.8
40307.2
40306.8
40306.6
40307
40305
40306.8
40306.8
40305.8
40306.2
40306
40305
40306.2
40305.2
40305
40305.2
40305
40305.2
40304.6
40304.4
40304
40304
40306.4
40306.6
40306.6
40304.6
40304
40304.8
40305.2
40305.8
40306.4
40307
40307
40309.4
40308.8
40309
40309
40310
40308.8
40309.2
40309
40311.6
40310
40311.6
40312.4
40313.4
40315
40315.8
40314
40316.4
40315.2
40316
40315.8
40315
40316.2
40315.6
40315.6
40315.4
40315
40315
40315
40314.6
40314.6
40314.2
40314.2
40314
40314
40314.6
40312
40313
40311.4
40311.8
40312
40314.8
40313.6
40315
40314.4
40316.8
40316
40316.8
40316.6
40317.8
40318
40316
40317.8
40316
40317.6
40317.6
40317
40315
40315.8
40313
40315
40314.6
40313.6
40313.8
40315
40316.2
40317
40318
40318
40318.4
40319.8
40318
40318
40318
40319.6
40319.4
40318
40319
40319
40318.2
40319
40318.4
40317.8
40319
40318
40319.6
40319
40317.2
40316
40317.6
40315
40314.8
40313.2
40312.2
40312
40311
40311
40310.6
40310.2
40309.8
40310
40312.4
40310.6
40312
40313
40315.6
40315
40315.2
40313
40313.4
40312.8
40311.8
40310
40310.2
40309.2
40311.2
40310
40312.8
40313.6
40314.8
40316.2
40319
40320
40320.8
40320.8
40318.6
40318.6
40316.8
40316.6
40316
40318.4
40318.4
40318.6
40318.2
40320.4
40320
40322.2
40321
40322.6
40321
40322
40320
40320.4
40320.2
40320
40320.4
40320.4
40322.2
40321.6
40322
40321.4
40320
40320.4
40321.8
40320.4
40321.6
40320.4
40321
40320.2
40319
40320.6
40321.8
40320.6
40320
40319.6
40319.8
40319.4
40319
40319.6
40319.6
40319
40318.8
40318.4
40318
40318
40317.4
40316.8
40318.4
40318.8
40317.2
40318.4
40316
40316.6
40316.6
40316
40314.8
40315.4
40317.6
40315
40317
40317.4
40317.2
40316.6
40316.2
40315.6
40314.8
40314.6
40316.2
40315
40315
40314.4
40315.2
40312.6
40315
40315.2
40313
40315
40314.8
40314.2
40314
40313.6
40314.6
40312
40313.4
40310.4
40310
40310.4
40311.4
40310.8
40311
40311.4
40311
40312.4
40312.8
40313.2
40311.6
40313.6
40314
40313.4
40314
40313
40313.8
40313.6
40315.2
40312
40315
40312.6
40314
40314.2
40313.8
40313
40315
40313
40314.6
40312.8
40313.8
40314.6
40314
40314.2
40313.4
40313.4
40313.4
40312
40312.6
40312.2
40312
40311.8
40311.2
40309.4
40308.8
40308.4
40308
40308
40307
40308.6
40307.4
40308
40309
40306.8
40309.4
40309.4
40308.2
40307.8
40308
40307.6
40307.2
40305.4
40307.2
40305
40305
40304.6
40307.2
40304.8
40307.2
40305.2
40306
40306.2
40306.4
40305.6
40304.2
40304.4
40305.8
40305.4
40305.8
40303.4
40304.4
40304.4
40302.4
40303
40304.6
40304.6
40301.8
40302.8
40301.6
40300
40300.4
40300.6
40301.2
40301
40302.4
40300.4
40300.8
40300.8
40303
40303
40302
40300
40302.2
40300.4
40301.2
40302.8
40301
40303.4
40300.2
40301.4
40302.4
40301
40302
40302
40303.2
40304
40301.6
40303.4
40300
40301.6
40301
40301.2
40302
40303
40304.2
40304.4
40303
40304.8
40304.2
40303
40303.2
40304.8
40302
40303.8
40302
40301.6
40302.4
40303.8
40302
40304
40302.8
40303.6
40302
40303.8
40303.8
40304.6
40301.6
40301.4
40302.4
40301.6
40304.8
40302
40304.6
40302.8
40303.8
40302.4
40302
40303.6
40302.2
40304
40303
40303.4
40304.4
40302.4
40301.8
40305
40304
40305.4
40303.6
40303.6
40306
40306.8
40304.2
40304.8
40307.8
40308
40308
40306
40307.4
40306
40306
40308.2
40304.8
40305
40306
40308.4
40306.2
40306.8
40308
40308.8
40309.6
40310.2
40308.2
40309.6
40311.2
40311
40310
40308.8
40308
40309
40309
40310.4
40309
40309.4
40308.2
40309.2
40307.6
40310
40310
40307
40310
40310
40307.4
40306.6
40308.6
40308
40306.6
40308.4
40306.2
40307
40307
40306.2
40305.6
40308
40305
40307.6
40307.4
40304.2
40304.6
40306
40306
40304.2
40306.2
40305.4
40303.6
40303.2
40306
40306.4
40303.4
40303
40305.8
40304
40304.8
40305.2
40304.4
40304.4
40305.8
40305
40303
40305.6
40305
40305
40306.2
40306.8
40303.8
40304
40307
40308
40306
40306
40308.4
40308.8
40306
40306
40308.6
40306.6
40307.8
40307.8
40303.8
40304.4
40306
40305.8
40305.8
40308.2
40306
40306
40307.4
40307
40305
40309
40306.4
40308.4
40308
40308.8
40309.2
40307
40309.8
40310
40307
40309
40308.2
40309
40308.6
40309
40310.8
40309.4
40308.2
40310.8
40310
40310
40310.6
40309
40310.6
40309
40309
40311.8
40312.2
40311.6
40315
40313.8
40314.8
40316.4
40316
40318
40317.8
40316.8
40316.4
40316
40316
40314.2
40315.8
40315.6
40313.2
40314.8
40314.8
40312.2
40313
40314.2
40313.6
40311.8
40313.4
40313.6
40311
40311.4
40311
40313
40313.6
40313.2
40313.4
40313.2
40314
40313.6
40313
40313.6
40311
40314
40314
40312.8
40312.2
40313
40313
40315.4
40315
40315
40315
40315.4
40314.8
40313.2
40313.8
40314
40314.2
40315.2
40315.2
40314.2
40314.8
40315
40315.2
40316.6
40314.8
40314.6
40316.4
40314
40313
40314
40316
40314.2
40314
40316
40315.6
40313.6
40313.4
40315.2
40314.6
40314.4
40314.6
40312
40313.2
40315.8
40315.2
40316
40317
40315.6
40315
40315
40317.2
40316.6
40316
40314.6
40314.4
40316
40316.2
40315.8
40316
40313.8
40315.6
40314.4
40313.2
40315.2
40315
40314
40313.8
40312.2
40311.6
40313.8
40312.2
40313.8
40313
40314
40314.2
40313
40314
40313.8
40313.4
40313.8
40311.8
40314.4
40313.8
40312
40312
40313
40314
40314
40313
40312.6
40312
40313.2
40313.4
40311
40310
40311.6
40312.8
40311
40312.4
40310.8
40310.8
40311.8
40312.2
40311.2
40310.6
40312
40311.8
40310.4
40310
40312
40312
40311.6
40309.6
40312.2
40310
40311
40309.8
40312.2
40312
40309.6
40310
40309
40311.2
40312.2
40311
40309.2
40310
40311.2
40310.4
40309.8
40308
40309.6
40311.2
40309.4
40309.8
40309
40308
40310
40308
40307.4
40309.2
40310
40309
40307.4
40308.4
40306.8
40307.2
40306.8
40308.6
40308
40309.4
40307.8
40308
40308.6
40309.4
40309
40307.8
40306
40307
40306
40308.8
40307.4
40308.6
40307
40307
40309.6
40308.6
40309
40308.4
40309.6
40307
40306.8
40308
40308
40307
40308.6
40309.4
40306
40309
40308
40306
40307.2
40308
40306
40307.6
40305.8
40307.6
40307.8
40306
40304.8
40305.6
40306.2
40304.6
40306
40304.8
40306.6
40306
40303.6
40305
40305.8
40305.4
40304
40303
40304
40305.4
40302.8
40303.8
40303
40301
40305.2
40304.2
40304.4
40304.8
40302.8
40304.2
40305
40301
40302.2
40304.8
40303
40302.6
40302.4
40300.8
40301.6
40303.2
40303.8
40302
40303.8
40300
40304
40302.4
40303
40303
40302
40300.4
40299.6
40300.8
40302
40302
40301.8
40300.2
40302.6
40302.6
40299.2
40299.4
40299
40302.2
40302
40300.6
40299
40298
40299
40298.4
40299.2
40299.4
40301.4
40300
40298
40298.2
40298.2
40300.6
40298.6
40300.2
40297.6
40297.6
40298
40297.4
40298.6
40299
40299
40297
40296.6
40297
40298
40296.8
40296
40299
40296
40296
40297.4
40296.6
40297
40298
40296.8
40295.6

