40296.2
40294.8
40296.6
40297
40294.8
40294.6
40295.4
40294.6
40295.6
40297.4
40295
40298
40294.6
40295.2
40294.8
40295
40297
40298
40298.2
40297.4
40296.8
40297
40298
40299.4
40296
40298.2
40296
40298
40296.4
40297
40298.4
40298.6
40299.8
40300
40300
40299.4
40298.4
40300.2
40299.6
40299
40298
40298.8
40300.2
40300.8
40301.2
40301
40300.6
40299.8
40299.2
40298.6
40299.4
40300.2
40301.6
40301
40301
40301.6
40298.6
40299.4
40301
40299.4
40302
40301
40300.8
40299.4
40300.8
40302.2
40300
40300
40299.6
40300.8
40302.2
40299.8
40302
40302.8
40299.8
40301
40300.8
40300
40299
40300.4
40301.4
40300.4
40302
40302.4
40300.8
40300
40303.6
40303.2
40300.6
40301
40303
40301.4
40302.4
40303.6
40304
40301
40302.2
40303.6
40302
40303.6
40303.8
40303
40301.8
40301.4
40301.6
40302.8
40301
40304.2
40303.6
40303.8
40303
40302.6
40304
40300
40303.8
40303.2
40302
40303.4
40302.2
40301.4
40302
40300.2
40300.6
40300
40300.6
40300.4
40299
40303
40299
40301.2
40300
40299.6
40300.2
40300
40302
40300.6
40300.2
40300.4
40300.2
40302
40300.8
40302.4
40301
40303
40303.4
40304
40302
40302.4
40300.2
40301.2
40300.6
40302.8
40304
40303
40302.6
40301
40300.6
40301
40301.4
40303
40304.4
40303
40304.4
40301.4
40301
40303.2
40304
40301.8
40301.6
40301.4
40303
40304.8
40305.2
40304.6
40303.4
40302
40304
40301.8
40302.4
40303
40304.4
40304.8
40304.2
40303.2
40304
40301.2
40302.8
40301.6
40302.8
40304
40302
40302
40303.4
40303.4
40302
40304.2
40305
40305.4
40305.2
40303.4
40305
40302.4
40303.4
40304
40304
40303
40304
40302.6
40302
40304.8
40305.4
40305.2
40302.2
40301
40301
40304.8
40301.8
40303
40302
40303.6
40305
40303
40303.8
40305.4
40305.2
40304.8
40304.2
40303
40302.6
40302.4
40302.6
40302.6
40304.2
40302
40305.6
40303.8
40304.6
40305.4
40303
40302.4
40303
40303.4
40304.4
40304.8
40305.2
40305
40301.6
40305.2
40305
40304
40303.4
40302.4
40302.4
40303.4
40304
40305
40305.4
40304.2
40303
40305
40303
40302.8
40305.6
40304.2
40305.2
40305.8
40305.2
40304
40303.4
40302.8
40303.8
40304.8
40303
40306.2
40305.2
40304.4
40303.4
40302
40304
40305.6
40305.8
40302.8
40303
40303
40302.4
40306.2
40304.8
40305.4
40306
40303.4
40306.4
40303.6
40303.8
40304
40303
40304.2
40306.4
40306.4
40304.2
40305
40304
40303.4
40302
40303.6
40302
40305.8
40305.6
40305
40306.2
40306
40305.2
40306
40305
40305.6
40305
40306.8
40306
40305.4
40305.6
40306.2
40304
40307
40306.6
40306.4
40305.2
40304.6
40306
40305
40304.6
40307
40307.8
40306
40307
40308
40305.8
40307.6
40304
40306
40306
40305
40305.2
40305.6
40306
40304.6
40307
40305
40307.4
40307
40305.8
40305
40304
40304
40304.8
40305.4
40306.2
40304
40304
40305.2
40306.8
40305.8
40305
40304.4
40306.2
40305
40305
40306.2
40303.4
40305
40303
40303.6
40304.4
40303
40303.2
40304
40306
40305
40304
40304
40304
40303.8
40304
40304.2
40306.4
40307
40304.8
40304
40305.4
40304.6
40305
40305.8
40304.6
40305.6
40303.8
40306.2
40306.6
40304.4
40305
40303.6
40306
40304.2
40306.6
40305
40306.2
40304
40304.6
40305.2
40307.4
40307
40306.8
40307.8
40306
40308
40307
40307
40305.6
40306
40306.4
40306
40306
40305.4
40305.2
40305.8
40307.8
40307
40307.8
40307.6
40307
40307.8
40308.2
40308
40308.4
40308.2
40308
40308
40307
40308.8
40308
40308.8
40306.2
40308
40308.6
40308.6
40306.8
40308
40308.6
40308.6
40308.4
40306
40309.2
40307.2
40309
40309.2
40309
40309.2
40309
40308.6
40308
40308
40308.4
40309
40308.8
40308.6
40307
40308
40307.6
40309.8
40307.4
40309
40309
40309
40307.2
40308.8
40307.6
40308.2
40309.4
40307
40309.2
40309
40307
40308
40308.2
40308
40307.8
40307.8
40310.2
40307.2
40308
40309
40308.8
40306.6
40307.6
40308.2
40308
40307.4
40306.6
40307.4
40309.6
40308
40309
40309.2
40307.4
40309.6
40310
40307.8
40309.2
40310.2
40310
40310.2
40309.4
40309.4
40311
40310.6
40309
40308.4
40310.2
40307.6
40309.6
40307.4
40309.8
40307.2
40309.8
40307
40309
40309.6
40309.8
40308
40309.8
40308.2
40308.4
40309
40309
40307.2
40309
40309.8
40309.4
40308
40309
40310.2
40307.6
40307.6
40309.4
40310.6
40310.8
40311
40311.2
40310.8
40311
40310.2
40310.2
40309.6
40310.2
40307
40309
40309.4
40309
40309.2
40309.2
40309
40309
40307
40309.6
40309.8
40307
40309.6
40309.6
40309
40309.4
40309.4
40308.4
40310
40308.6
40307.6
40307.6
40307
40307
40307
40307.4
40307.6
40307
40310
40310.4
40310
40308.2
40308.6
40308
40309
40308.8
40309.4
40309.6
40309
40309
40310
40310.4
40309.6
40310.2
40309.6
40310
40309
40310.8
40309.8
40309
40310
40310.4
40310.8
40310.6
40312.8
40310.8
40312.8
40311
40312.8
40310.8
40310.8
40311
40311.4
40311.4
40311.6
40312
40312.2
40312
40312
40312.8
40312.8
40313
40312.8
40312
40310.8
40310.6
40311
40311.4
40311
40309.8
40312
40310.2
40312
40310.4
40312.8
40312.6
40312.6
40312.8
40313
40311.2
40313
40310.8
40313
40313
40313.2
40311.2
40312.6
40311.4
40313
40313.4
40311.8
40312.2
40310.8
40312
40311
40311.6
40311
40311
40312.8
40312
40312.2
40314.2
40313.6
40313.2
40313.8
40312.6
40313
40313.8
40313.6
40313.4
40313.4
40315.2
40313.8
40313
40313.2
40313.4
40315.4
40313
40314.4
40314.2
40314.4
40315.8
40314.2
40315.8
40314.8
40314.6
40316.6
40315
40315.4
40315.8
40316
40316
40317
40315.4
40317.8
40318.2
40316.6
40318.2
40318
40317.4
40317
40316.4
40316.4
40316.2
40317
40317
40317.6
40317.6
40317
40318.2
40318
40318.4
40317.8
40318.4
40316.6
40316.4
40315
40317
40316
40316.4
40317
40316
40317.6
40318
40317
40318.4
40317.2
40318.4
40316.4
40318.2
40316
40315.4
40315.6
40315.8
40316.2
40315
40317.4
40316.2
40317.8
40318.2
40318
40317
40317.6
40317
40316
40316
40316.4
40317
40317.4
40316
40317.6
40318
40317
40317
40317.2
40316.8
40316.6
40315
40317
40316.6
40316.6
40316
40315.8
40315.8
40318
40316.6
40317.4
40318.8
40318.6
40317.8
40316.4
40316
40316.4
40317.8
40317
40317.2
40315.6
40316
40315
40315
40317.8
40317.8
40316
40317.2
40317
40315.8
40317.2
40316.8
40317
40317.2
40315.6
40316.8
40316
40319
40317.4
40317.6
40317.8
40317.4
40318.4
40316.4
40316
40317
40316.6
40315
40316.4
40314.2
40315
40313
40313.6
40311.6
40313.4
40313.4
40313
40312.4
40310
40310.8
40312.2
40310
40313.8
40313.8
40312
40312.8
40313.4
40311.6
40312.8
40313
40313
40311
40310.8
40310
40310.2
40308.4
40311
40309.2
40309.6
40309.2
40307.8
40309.8
40307
40307.6
40307.8
40306.6
40306.6
40306
40309.2
40308.4
40307.4
40306.8
40307.2
40306.6
40308.8
40309
40308.8
40306
40307.6
40306
40307.4
40305.6
40308.4
40307.4
40307.6
40308
40305
40305
40307.6
40306
40306
40304.8
40303
40304.2
40303
40303
40303.8
40302.4
40305
40301
40302.2
40301.6
40301.6
40302.2
40303
40304
40302.2
40301.4
40301.4
40302
40302
40303.6
40304.2
40303.6
40304
40301.2
40301
40301.6
40302.4
40303.4
40303.8
40302
40303.6
40301
40301.6
40303
40300
40300
40301.8
40302.6
40303.6
40301.4
40302
40301
40304
40304
40301.2
40302.2
40303.4
40303
40302
40304
40301.2
40302.6
40301
40301
40302.2
40301
40300.4
40301.4
40302
40302
40302
40302
40299.8
40300.6
40301.4
40300
40300
40300.6
40302.2
40300.6
40303.4
40303
40302.8
40303.8
40301.6
40301
40303
40301.4
40304.6
40303.6
40302.8
40304
40301.2
40300.8
40301
40303
40302.4
40301.4
40303.6
40301
40302.4
40303.4
40301
40302
40301.8
40301.2
40301
40301
40302.8
40302
40300
40300.4
40301.6
40302
40302.8
40301
40301
40301
40301
40303.4
40301
40301
40302.8
40301.6
40304.6
40304
40304
40302.8
40306
40305.8
40305.4
40303.8
40304.4
40304
40306
40305
40305.8
40306.8
40306
40306.8
40305.6
40307.4
40304
40306
40304.6
40305
40305
40306.2
40306.8
40308.4
40308.2
40308.2
40308.6
40308
40309.2
40309.4
40308.4
40308
40308
40308.6
40310
40310.4
40311
40308
40308
40311.2
40309.2
40308.6
40309.2
40309
40308.6
40309
40310.6
40310.2
40310.4
40309.6
40309.2
40309
40309
40307
40309
40307.6
40309.6
40307
40309.6
40309.6
40309
40307.8
40309.4
40308
40309.4
40307.8
40309
40309
40308.8
40308.6
40308.6
40307
40309
40308.4
40310.4
40308.2
40308.6
40309
40308.2
40310
40308.4
40311
40310.6
40308.6
40311
40308
40309
40309
40308.2
40310.4
40309.6
40310
40308.2
40307
40309.8
40308.2
40307.4
40309.8
40310
40308.6
40309.6
40306.6
40307.4
40309
40306.8
40307.8
40307.2
40306
40306.8
40305.4
40304.6
40307.2
40306
40304.4
40306
40304
40305
40303.2
40304
40302
40303.2
40301.6
40302
40303
40303
40301
40302.2
40304
40303
40302.4
40301.4
40304.6
40304
40302.6
40305
40302
40302.4
40302.6
40301.8
40305.2
40304
40302.6
40304.2
40305.2
40304.6
40305.6
40304.4
40305.6
40305.2
40304.8
40305
40303
40302.8
40303.2
40304.2
40305
40305.8
40303.4
40304.2
40305.6
40305
40305
40304.8
40302.8
40305.4
40305
40304.6
40303.2
40303.2
40305
40303.8
40306
40305.8
40306.2
40305.8
40304
40304.2
40304
40304
40306
40305.4
40306.4
40306.8
40305
40306.2
40307.2
40306.8
40305
40306.2
40306.8
40307.4
40305.2
40307.6
40307
40306.6
40305
40305.8
40306.2
40305.6
40308
40305.8
40306.6
40305.6
40307
40308
40308.4
40307
40306
40305.4
40305.4
40307
40306.4
40305.4
40305.8
40307.2
40307
40308.2
40308.4
40308.4
40306.6
40308
40305.4
40306
40306
40305
40306
40306.2
40306.6
40307.4
40309.2
40309
40308.8
40308
40308.8
40308.6
40306
40305
40305.6
40305.8
40308.6
40308.4
40305.8
40308.6
40306.8
40307
40307
40307
40306.2
40307.4
40306
40305
40306.2
40304.8
40305
40306
40307.2
40308.2
40308.2
40307.2
40306.6
40305
40308
40305.8
40306
40305.2
40305.8
40306.2
40304.8
40303.8
40306
40304.4
40305.4
40304
40306.2
40306
40304
40305
40304.6
40304.8
40308
40307.2
40305
40304
40306.8
40304.8
40305
40305
40305
40303.6
40302.2
40302.6
40303.6
40302
40303.2
40301.2
40304
40303.6
40302.2
40301
40300.6
40300.8
40302
40301.2
40302.6
40301.2
40300.6
40300
40302
40303.2
40302
40303
40300
40300.8
40300.4
40301.4
40302.4
40303
40300
40301.6
40301.2
40302.8
40303.8
40302.6
40304.2
40304
40303.8
40302.6
40302.4
40302.8
40303.8
40302.4
40301.8
40302
40303
40303.6
40302.6
40301.6
40300.6
40302
40301
40300.6
40300.4
40300
40302.8
40302.6
40302.8
40302.2
40299
40300
40301
40301.8
40302
40302
40301
40299.6
40300.4
40299
40302
40302.4
40302.4
40302
40302.4
40301.8
40299
40300.4
40301.2
40302
40301.2
40303
40302
40301.8
40299.4
40300.2
40301
40300
40299
40299.4
40299
40299
40302
40300.6
40302
40302.2
40300.8
40302
40302.4
40303
40302.6
40300.4
40300.6
40301.6
40302.8
40301
40303.4
40303.6
40300
40301
40302.4
40304
40302
40303.4
40304.2
40303
40304
40304
40303.4
40301
40301
40303.8
40305
40305.2
40305
40303
40303.2
40303.8
40305.6
40306.4
40306
40306.4
40303
40305
40304.6
40303.8
40303.2
40305
40304.2
40303
40304.6
40304.8
40304
40305
40302.8
40302.4
40303
40302.2
40301.6
40302
40303
40301.8
40301.2
40301.4
40304
40303.4
40301.2
40303.8
40301.4
40302
40303
40301.6
40302.8
40304

